4 cores

110000001 1.20270947303
210000001 1.74217869074
310000001 2.06960889719
410000001 2.24957913216
510000001 2.46180908829
610000001 2.57012301477
710000001 2.68374405768
810000001 2.74432605853
910000001 2.8288356214

8 cores

110000001 1.42916348708
210000001 2.29276757977
310000001 2.90306801877
410000001 3.37342954869
510000001 3.73714773724
610000001 4.03248648263
710000001 4.26755582053
810000001 4.47244990267
910000001 4.627974782

16 cores

110000001 1.48413546294
210000001 2.45096781925
310000001 3.21823921928
410000001 3.82087988775
510000001 4.30153959586
610000001 4.77205693919
710000001 5.05907965173
810000001 5.32056190753
910000001 5.65681285355

