4 cores

110000001 1.728528
210000001 2.284528
310000001 2.828489
410000001 3.441698
510000001 3.932467
610000001 4.483364
710000001 4.996782
810000001 5.575269
910000001 6.089059

8 cores

110000001 1.453283
210000001 1.729587
310000001 2.017002
410000001 2.296792
510000001 2.577231
610000001 2.857804
710000001 3.143288
810000001 3.420242
910000001 3.716869

16 cores

110000001 1.399379
210000001 1.618794
310000001 1.820681
410000001 2.027645
510000001 2.240588
610000001 2.415419
710000001 2.650388
810000001 2.878196
910000001 3.039534
